9
10
11
87
88
89
118
119
144
145
146
147
148
149
177
178
179
192
193
194
291
408
409
410
428
429
430
496
497
530
531
532
574
575
576
604
605
606
663
664
665
697
698
699
836
837
900
901
902
1056
1057
1058
1279
1280
1281
1416
1417
1418
1444
1445
1446
1503
1504
1505
1511
1512
1640
1641
1642
1730
1731
1779
1780
1781
1800
1801
1802
1838
1861
1862
1863
1865
1866
1976
1977
1978
2146
2147
2148
2149
2295
2296
2297
2321
2322
2323
2426
2427
2428
2606
2607
2608
2730
2736
2737
2738
2742
2743
2863
2864
2951
2952
2953
3014
3015
3032
3033
3034
3157
3158
3159
3174
3175
3221
3286
3287
3288
3357
3358
3369
3371
3510
3511
3512
3547
3548
3549
3619
3620
3621
3726
3924
3925
3926
4005
4020
4054
4055
4056
4141
4142
4143
4197
4198
4199
4217
4218
4219
4257
4319
4320
4363
4372
4373
4374
4473
4474
4475
4561
4562
4606
4607
4608
4630
4631
4738
4739
4778
4779
4808
4809
4810
4814
4815
4858
4859
4860
4946
4947
5024
5025
5043
5044
5045
5130
5131
5140
5218
5219
5220
5263
5264
5265
5523
5524
5529
5530
5659
5660
5753
5754
5778
5779
5831
5898
5901
5902
5968
5970
5971
6104
6120
6139
6140
6186
6187
6318
6319
6320
6359
6365
6366
6367
6371
6372
6441
6478
6489
6490
6542
6543
6602
6603
6648
6656
6657
6658
6838
6839
6840
6854
6855
6856
6887
6888
6889
6953
6960
6961
6962
7044
7139
7243
7249
7250
7287
7288
7289
7311
7312
7321
7372
7374
7375
7376
7421
7487
7493
7504
7607
7785
7801
7802
7850
7894
7959
7960
7963
7964
7965
7966
7967
7968
7969
8029
8274
8291
8292
8293
8376
8397
8398
8399
8400
8401
8407
8411
8412
8460
8507
8508
8509
8561
8602
8690
8691
8701
8702
8703
8810
8815
8816
8856
8887
8888
8889
8965
8966
8971
8989
8990
8991
9170
9171
9214
9215
9244
9352
9392
9429
9439
9440
9499
9500
9579
9597
9598
9619
9835
10040
10096
10104
10135
10137
10146
10151
10152
10153
10174
10175
10176
10177
10178
10179
10189
10304
10312
10339
10370
10399
10468
10469
10470
10471
10472
10488
10489
10490
10531
10572
10573
10656
10674
10675
10700
10732
10775
10800
10801
10812
10830
10831
10849
10886
11012
11040
11131
11158
11178
11187
11319
11320
11337
11346
11393
11404
11405
11407
11408
11444
11479
11480
11566
11655
11707
11715
11740
11750
11768
11808
11813
11841
11866
11872
11893
11905
11934
11956
11959
12006
12007
12052
12181
12182
12189
12203
12234
12292
12300
12342
12434
12492
12508
12542
12557
12583
12691
12708
12793
12853
12854
12898
12952
12964
13021
13033
13057
13060
13090
13094
13105
13111
13163
13218
13243
13269
13271
