v 0.775693 0.535302 0.417228
v 0.769732 0.54113 0.415191
v 0.77554 0.538115 0.41539
v 0.211568 0.50053 0.624405
v 0.21445 0.498722 0.623355
v 0.210812 0.498592 0.622735
v 0.789588 0.527176 0.421746
v 0.790975 0.521178 0.424486
v 0.793078 0.524321 0.424172
v 0.223354 0.556591 0.597267
v 0.221504 0.55574 0.59454
v 0.225455 0.559503 0.594328
v 0.252097 0.550652 0.573392
v 0.250643 0.553834 0.569761
v 0.248548 0.531528 0.59548
v 0.244228 0.52846 0.598257
v 0.247702 0.529029 0.599861
v 0.215408 0.506391 0.595275
v 0.212552 0.502578 0.59848
v 0.216748 0.504407 0.601153
v 0.76176 0.553023 0.455952
v 0.759356 0.558448 0.453699
v 0.757379 0.551483 0.456615
v 0.202218 0.52275 0.602742
v 0.204071 0.522371 0.609369
v 0.200949 0.516591 0.605989
v 0.236266 0.522956 0.622564
v 0.234608 0.526135 0.621404
v 0.238186 0.524685 0.62313
v 0.766453 0.523232 0.443869
v 0.76515 0.523059 0.447793
v 0.763079 0.524112 0.443508
v 0.237071 0.52779 0.62183
v 0.215677 0.50411 0.626063
v 0.211803 0.505241 0.62514
v 0.21407 0.509074 0.62587
v 0.239213 0.571843 0.583119
v 0.236954 0.568962 0.585954
v 0.236445 0.568524 0.581918
v 0.241885 0.575258 0.583778
v 0.24099 0.572047 0.58729
v 0.259927 0.549379 0.584992
v 0.25928 0.551978 0.579707
v 0.261376 0.553495 0.582132
v 0.252179 0.557561 0.602409
v 0.256262 0.553087 0.600977
v 0.252749 0.55052 0.605288
v 0.777065 0.553895 0.447792
v 0.778878 0.556187 0.442046
v 0.781259 0.55142 0.445363
v 0.22923 0.553253 0.573565
v 0.229295 0.548332 0.571465
v 0.233395 0.555123 0.572042
v 0.237724 0.509999 0.618505
v 0.236911 0.515681 0.615344
v 0.238515 0.515016 0.613472
v 0.25391 0.524988 0.612201
v 0.253054 0.521504 0.615281
v 0.252801 0.520274 0.613458
v 0.772183 0.543184 0.413734
v 0.770029 0.54325 0.458429
v 0.775011 0.540163 0.458261
v 0.775228 0.545396 0.455607
v 0.253109 0.564515 0.596983
v 0.249302 0.56174 0.601097
v 0.791181 0.542348 0.436636
v 0.787667 0.54731 0.437679
v 0.791397 0.540826 0.440201
v 0.239943 0.543182 0.614914
v 0.232202 0.544101 0.614935
v 0.237541 0.549009 0.612142
v 0.778867 0.539673 0.415219
v 0.217376 0.546418 0.604531
v 0.213534 0.542863 0.603041
v 0.214988 0.547028 0.598575
v 0.736135 0.546935 0.441458
v 0.20392 0.497257 0.611688
v 0.202948 0.499744 0.613947
v 0.206259 0.497191 0.616919
v 0.207914 0.507525 0.590213
v 0.211792 0.513894 0.584491
v 0.211406 0.510076 0.587817
v 0.757174 0.508158 0.457404
v 0.75831 0.507795 0.45575
v 0.756318 0.509647 0.453746
v 0.782182 0.534482 0.417332
v 0.781132 0.531643 0.418441
v 0.208209 0.512855 0.586118
v 0.21133 0.520335 0.580517
v 0.206963 0.516482 0.58496
v 0.230917 0.559035 0.602226
v 0.23436 0.554744 0.60791
v 0.226987 0.554517 0.604808
v 0.211585 0.51073 0.624474
v 0.208444 0.508111 0.622734
v 0.76305 0.535232 0.430744
v 0.767273 0.533734 0.427657
v 0.765318 0.531771 0.432399
v 0.236305 0.566725 0.57715
v 0.232893 0.563154 0.578386
v 0.235075 0.562612 0.574871
v 0.231791 0.558754 0.575216
v 0.236269 0.559645 0.572026
v 0.78265 0.540836 0.417094
v 0.784994 0.535114 0.418164
v 0.780158 0.508627 0.44977
v 0.776974 0.512193 0.447526
v 0.780774 0.510015 0.445215
v 0.227709 0.512455 0.618378
v 0.230549 0.515478 0.612872
v 0.227808 0.511151 0.613771
v 0.252021 0.528974 0.604374
v 0.251282 0.521641 0.608916
v 0.25294 0.522615 0.610567
v 0.761943 0.571732 0.437082
v 0.253983 0.568768 0.594836
v 0.762765 0.553546 0.41387
v 0.76265 0.54967 0.414114
v 0.75908 0.555145 0.414299
v 0.248185 0.538971 0.613909
v 0.2456 0.542541 0.613472
v 0.249976 0.544634 0.609664
v 0.25624 0.546146 0.582168
v 0.257932 0.544606 0.587723
v 0.230788 0.544572 0.570336
v 0.236672 0.549277 0.569739
v 0.233919 0.550505 0.570368
v 0.738737 0.54269 0.440667
v 0.741683 0.542837 0.449542
v 0.738782 0.550512 0.448337
v 0.743243 0.544736 0.451773
v 0.78195 0.554608 0.437601
v 0.784488 0.552046 0.433671
v 0.797728 0.527498 0.441633
v 0.797017 0.52505 0.446429
v 0.794062 0.53181 0.446384
v 0.763357 0.539995 0.421791
v 0.758502 0.542884 0.421159
v 0.76222 0.543456 0.41772
v 0.789535 0.537635 0.448405
v 0.786029 0.539682 0.451103
v 0.786691 0.544767 0.445121
v 0.208598 0.503208 0.623012
v 0.210342 0.527679 0.580029
v 0.2077 0.521622 0.582745
v 0.212694 0.525942 0.57802
v 0.759269 0.509815 0.452937
v 0.760939 0.511995 0.452171
v 0.762615 0.509495 0.454998
v 0.753941 0.538139 0.430931
v 0.751966 0.536187 0.435116
v 0.758391 0.535921 0.433368
v 0.200844 0.519173 0.598187
v 0.200702 0.516173 0.595528
v 0.202042 0.520371 0.592479
v 0.214892 0.531733 0.576373
v 0.216365 0.538452 0.576673
v 0.211982 0.532618 0.579265
v 0.749369 0.540597 0.430155
v 0.75436 0.542238 0.424855
v 0.235239 0.524171 0.597241
v 0.237713 0.526802 0.596266
v 0.233478 0.526565 0.591042
v 0.778975 0.512771 0.458968
v 0.777309 0.512536 0.457124
v 0.780805 0.508347 0.456123
v 0.254927 0.541532 0.587012
v 0.250552 0.540073 0.583429
v 0.25216 0.536541 0.590982
v 0.753896 0.538108 0.458946
v 0.748477 0.539739 0.456447
v 0.750411 0.535489 0.458184
v 0.248243 0.561161 0.565774
v 0.20037 0.516743 0.602117
v 0.199878 0.513462 0.59912
v 0.199683 0.511782 0.603512
v 0.214167 0.519937 0.579641
v 0.215708 0.517627 0.58126
v 0.741633 0.552036 0.450925
v 0.215121 0.509044 0.590775
v 0.2146 0.512211 0.586365
v 0.770432 0.537177 0.460178
v 0.765059 0.535474 0.460544
v 0.771352 0.532237 0.460699
v 0.746328 0.521852 0.453937
v 0.748166 0.520691 0.456393
v 0.75009 0.516189 0.455429
v 0.761138 0.507811 0.455763
v 0.763118 0.50802 0.459195
v 0.760812 0.507045 0.457979
v 0.757356 0.517982 0.44804
v 0.758853 0.521132 0.44617
v 0.759697 0.518385 0.448666
v 0.224116 0.508747 0.622795
v 0.220652 0.506647 0.625201
v 0.223442 0.511361 0.624226
v 0.783906 0.515304 0.460799
v 0.779358 0.519856 0.460972
v 0.782322 0.513253 0.460421
v 0.20861 0.524743 0.615039
v 0.207691 0.529101 0.609694
v 0.202725 0.525443 0.596707
v 0.204806 0.530413 0.593568
v 0.204835 0.530671 0.597331
v 0.78689 0.508549 0.458724
v 0.791218 0.505709 0.455854
v 0.788355 0.504308 0.454946
v 0.766425 0.560092 0.450328
v 0.772532 0.560096 0.445484
v 0.766546 0.564495 0.445828
v 0.232737 0.518308 0.604114
v 0.232568 0.517562 0.606725
v 0.235744 0.518819 0.605919
v 0.22178 0.548895 0.606859
v 0.227808 0.549341 0.610262
v 0.259201 0.563058 0.594113
v 0.76337 0.512517 0.45378
v 0.763102 0.518815 0.451988
v 0.765179 0.513685 0.45705
v 0.233547 0.542491 0.570327
v 0.239824 0.548413 0.569893
v 0.23711 0.543039 0.570853
v 0.220765 0.552508 0.600564
v 0.225981 0.557692 0.599463
v 0.246471 0.576814 0.588407
v 0.249601 0.575673 0.591126
v 0.765503 0.544397 0.414956
v 0.767773 0.546104 0.413624
v 0.208968 0.5189 0.619318
v 0.206598 0.515904 0.61821
v 0.208653 0.513521 0.62148
v 0.205626 0.528885 0.587827
v 0.207975 0.533004 0.585551
v 0.206899 0.534368 0.590746
v 0.221929 0.545469 0.574882
v 0.224858 0.544746 0.572604
v 0.225046 0.549669 0.574557
v 0.222474 0.557367 0.591011
v 0.784088 0.507903 0.458293
v 0.229538 0.526105 0.621249
v 0.232261 0.528438 0.621298
v 0.232194 0.523777 0.619761
v 0.761498 0.557586 0.414677
v 0.762521 0.561178 0.416583
v 0.765833 0.55522 0.414578
v 0.765981 0.524501 0.441511
v 0.769234 0.520939 0.443942
v 0.243834 0.575711 0.586617
v 0.261897 0.553649 0.586061
v 0.766985 0.522222 0.447539
v 0.766142 0.523215 0.451432
v 0.767291 0.52308 0.453129
v 0.222047 0.532437 0.572675
v 0.218218 0.530032 0.574187
v 0.222504 0.528945 0.573436
v 0.766281 0.530501 0.460537
v 0.240433 0.574176 0.57615
v 0.239731 0.570331 0.573078
v 0.242527 0.576647 0.57207
v 0.799454 0.521451 0.441885
v 0.252965 0.536956 0.609848
v 0.252466 0.529674 0.614908
v 0.253581 0.525872 0.614544
v 0.207554 0.536197 0.596973
v 0.21202 0.544022 0.594848
v 0.211416 0.541744 0.599567
v 0.242677 0.578759 0.577158
v 0.768325 0.538706 0.418899
v 0.745475 0.538904 0.454315
v 0.747434 0.531432 0.457094
v 0.745686 0.529891 0.455441
v 0.25543 0.562208 0.59702
v 0.255653 0.558028 0.599291
v 0.779264 0.55559 0.424977
v 0.782295 0.554005 0.429009
v 0.78274 0.550702 0.423672
v 0.235885 0.511622 0.621559
v 0.235041 0.520464 0.619096
v 0.235173 0.519094 0.614586
v 0.233686 0.520926 0.616968
v 0.230899 0.536673 0.571633
v 0.225776 0.53583 0.571436
v 0.226382 0.53237 0.572344
v 0.787789 0.519505 0.425657
v 0.784135 0.517765 0.42945
v 0.783689 0.521364 0.425679
v 0.754023 0.570834 0.420032
v 0.758813 0.569982 0.422744
v 0.757516 0.56694 0.418885
v 0.778633 0.553434 0.42126
v 0.774794 0.557007 0.420888
v 0.23015 0.54032 0.570546
v 0.226883 0.541642 0.571097
v 0.22378 0.526061 0.622512
v 0.226949 0.523695 0.622178
v 0.223322 0.520862 0.623804
v 0.20259 0.51096 0.591686
v 0.204423 0.516576 0.587593
v 0.77592 0.561018 0.436847
v 0.771048 0.562505 0.423736
v 0.764878 0.567625 0.424687
v 0.769053 0.56652 0.428976
v 0.780714 0.546609 0.450919
v 0.773949 0.551312 0.452609
v 0.794885 0.504882 0.44372
v 0.792064 0.504656 0.443942
v 0.794231 0.507011 0.438165
v 0.212882 0.496316 0.61854
v 0.216514 0.498528 0.621051
v 0.230378 0.517302 0.616702
v 0.232143 0.519417 0.615805
v 0.222032 0.506913 0.605942
v 0.220603 0.503074 0.612064
v 0.224101 0.506257 0.613537
v 0.207789 0.495794 0.615403
v 0.207437 0.495734 0.61282
v 0.773765 0.521858 0.434894
v 0.778337 0.514842 0.440211
v 0.773143 0.517556 0.443454
v 0.248417 0.514819 0.613536
v 0.244687 0.511609 0.614548
v 0.246414 0.515924 0.610949
v 0.759796 0.538844 0.426898
v 0.764307 0.537006 0.426715
v 0.217286 0.51134 0.62627
v 0.218095 0.50602 0.626123
v 0.775471 0.530088 0.4219
v 0.780255 0.527024 0.421848
v 0.202 0.51548 0.59169
v 0.200486 0.511533 0.59584
v 0.214416 0.497073 0.615871
v 0.212131 0.49803 0.608196
v 0.210267 0.495979 0.612876
v 0.744739 0.525752 0.451786
v 0.745111 0.526137 0.45425
v 0.249109 0.527357 0.602631
v 0.250772 0.531042 0.600468
v 0.247446 0.556526 0.567665
v 0.769306 0.528701 0.459837
v 0.23584 0.512018 0.625148
v 0.237578 0.513586 0.626177
v 0.237306 0.509679 0.625816
v 0.218344 0.551233 0.584889
v 0.216828 0.546831 0.5817
v 0.220954 0.550008 0.578776
v 0.7895 0.516059 0.458679
v 0.790137 0.510595 0.458066
v 0.787394 0.513762 0.459756
v 0.229012 0.563301 0.589003
v 0.233379 0.56622 0.584765
v 0.751822 0.561014 0.452689
v 0.752363 0.554986 0.454964
v 0.220611 0.515847 0.625253
v 0.22302 0.514282 0.624608
v 0.779236 0.518497 0.433443
v 0.78355 0.514338 0.434761
v 0.244144 0.536814 0.581299
v 0.245422 0.541421 0.576824
v 0.246091 0.533581 0.588232
v 0.240689 0.533206 0.583096
v 0.218019 0.543513 0.577516
v 0.214001 0.542447 0.582146
v 0.221668 0.540515 0.573312
v 0.786847 0.54671 0.425854
v 0.786047 0.545075 0.42245
v 0.226263 0.556053 0.578093
v 0.220065 0.523959 0.57643
v 0.216531 0.524938 0.576168
v 0.789868 0.503305 0.449637
v 0.78804 0.504386 0.447267
v 0.757554 0.562781 0.416207
v 0.784844 0.518749 0.460661
v 0.780307 0.523943 0.460985
v 0.783712 0.525252 0.460004
v 0.250306 0.515852 0.618278
v 0.244371 0.559614 0.567353
v 0.241163 0.55416 0.569071
v 0.764385 0.51065 0.460795
v 0.765436 0.51321 0.460662
v 0.763521 0.514326 0.462066
v 0.739402 0.547107 0.431171
v 0.743656 0.547197 0.427171
v 0.766785 0.553771 0.454466
v 0.772546 0.555054 0.450807
v 0.227003 0.529418 0.621452
v 0.222606 0.536321 0.572234
v 0.207504 0.500619 0.621542
v 0.205296 0.504793 0.619799
v 0.776448 0.511818 0.45408
v 0.772844 0.516544 0.453802
v 0.255444 0.538471 0.593967
v 0.259747 0.546404 0.590477
v 0.761693 0.564385 0.449025
v 0.755926 0.565008 0.450299
v 0.800356 0.518495 0.438055
v 0.800025 0.515212 0.435043
v 0.799736 0.520718 0.434068
v 0.743162 0.541865 0.433761
v 0.747799 0.536619 0.436825
v 0.741164 0.539541 0.442031
v 0.743715 0.538023 0.43903
v 0.743413 0.536782 0.44271
v 0.772065 0.546786 0.413783
v 0.776312 0.544742 0.414541
v 0.736043 0.549427 0.432696
v 0.254108 0.54134 0.605996
v 0.254552 0.538551 0.605089
v 0.253996 0.534543 0.608195
v 0.741781 0.538513 0.445522
v 0.219491 0.520189 0.62426
v 0.229421 0.523793 0.588695
v 0.229449 0.526037 0.584639
v 0.226892 0.523621 0.584118
v 0.256046 0.551024 0.576447
v 0.251867 0.545873 0.577515
v 0.795067 0.533965 0.429422
v 0.793977 0.537794 0.434734
v 0.79686 0.531734 0.434642
v 0.778855 0.528528 0.46061
v 0.774534 0.529425 0.460794
v 0.252441 0.533984 0.597
v 0.772313 0.526562 0.460083
v 0.770049 0.522183 0.439451
v 0.766831 0.5265 0.436949
v 0.230194 0.514969 0.607514
v 0.216923 0.550902 0.592222
v 0.212801 0.545044 0.590275
v 0.799487 0.523626 0.43806
v 0.236916 0.508777 0.622871
v 0.239001 0.507484 0.620302
v 0.783937 0.510654 0.440044
v 0.787954 0.510776 0.435722
v 0.78957 0.507374 0.439942
v 0.747386 0.52507 0.457145
v 0.241378 0.527457 0.622035
v 0.24046 0.520382 0.624479
v 0.214817 0.539605 0.578964
v 0.248813 0.528612 0.618974
v 0.251622 0.525184 0.617771
v 0.24844 0.52446 0.620478
v 0.775307 0.535157 0.459934
v 0.244677 0.507548 0.622525
v 0.245133 0.508258 0.618575
v 0.243547 0.506652 0.621085
v 0.221059 0.545502 0.609551
v 0.225424 0.543916 0.613502
v 0.220863 0.540319 0.613877
v 0.254035 0.533766 0.606152
v 0.253414 0.532003 0.60461
v 0.254537 0.53624 0.603053
v 0.21583 0.51444 0.625451
v 0.238906 0.506967 0.62475
v 0.241291 0.50608 0.623609
v 0.240756 0.506257 0.62131
v 0.772618 0.516258 0.449045
v 0.218102 0.501581 0.624362
v 0.763511 0.521006 0.451643
v 0.764534 0.52288 0.456667
v 0.764528 0.518471 0.455814
v 0.786155 0.504296 0.45273
v 0.784507 0.505773 0.455547
v 0.781568 0.507 0.453809
v 0.216554 0.499807 0.611558
v 0.779527 0.54641 0.416929
v 0.784875 0.542426 0.419354
v 0.77045 0.558848 0.41894
v 0.771312 0.554474 0.416257
v 0.239828 0.509464 0.625935
v 0.204507 0.522069 0.587045
v 0.207129 0.525921 0.583704
v 0.24058 0.519477 0.605643
v 0.240728 0.522307 0.602664
v 0.245281 0.521003 0.605541
v 0.250563 0.531285 0.616305
v 0.247025 0.535005 0.616691
v 0.238526 0.571074 0.578606
v 0.761898 0.509975 0.460938
v 0.793501 0.526784 0.451284
v 0.795771 0.52204 0.450537
v 0.220287 0.508733 0.59862
v 0.246711 0.554946 0.606698
v 0.241342 0.558077 0.605783
v 0.246442 0.559137 0.604082
v 0.743745 0.537944 0.452225
v 0.735978 0.550247 0.444533
v 0.231858 0.523287 0.593592
v 0.20977 0.540287 0.591783
v 0.233196 0.519334 0.614049
v 0.242889 0.563804 0.600636
v 0.205326 0.510169 0.58937
v 0.742874 0.535524 0.447941
v 0.743624 0.534274 0.446006
v 0.74975 0.528544 0.458996
v 0.753277 0.531154 0.460062
v 0.770915 0.550529 0.414276
v 0.767808 0.549722 0.413517
v 0.215065 0.539601 0.609469
v 0.235952 0.529622 0.586251
v 0.242001 0.530731 0.589878
v 0.243007 0.563445 0.567688
v 0.752871 0.552305 0.417129
v 0.748016 0.55078 0.420854
v 0.754946 0.547489 0.419208
v 0.21859 0.536197 0.574382
v 0.739862 0.542547 0.437236
v 0.220642 0.502052 0.62124
v 0.221994 0.504835 0.622765
v 0.261662 0.555454 0.590435
v 0.241872 0.566927 0.568712
v 0.238045 0.564821 0.572459
v 0.239594 0.562503 0.5701
v 0.219617 0.510733 0.593467
v 0.222512 0.515211 0.58982
v 0.21814 0.511799 0.589609
v 0.242432 0.507743 0.624537
v 0.752591 0.530447 0.441117
v 0.757404 0.527399 0.441352
v 0.753326 0.524782 0.444032
v 0.73944 0.542666 0.445106
v 0.737377 0.546329 0.444437
v 0.763498 0.522543 0.448166
v 0.761347 0.52281 0.445391
v 0.205178 0.527686 0.606001
v 0.794983 0.51849 0.427187
v 0.240202 0.514994 0.611951
v 0.242549 0.514802 0.611254
v 0.24014 0.509479 0.616871
v 0.791938 0.537494 0.444389
v 0.762014 0.565466 0.419761
v 0.800312 0.514031 0.437861
v 0.236559 0.560769 0.602885
v 0.217446 0.514096 0.585537
v 0.220438 0.521657 0.578854
v 0.221676 0.517748 0.584542
v 0.218221 0.499514 0.619194
v 0.21891 0.500544 0.615525
v 0.204497 0.504977 0.593745
v 0.236349 0.532368 0.579676
v 0.232047 0.529029 0.581304
v 0.762584 0.570267 0.426931
v 0.756068 0.544878 0.458059
v 0.763572 0.54699 0.457976
v 0.798049 0.507162 0.442821
v 0.79473 0.504313 0.44625
v 0.754955 0.561311 0.415427
v 0.749769 0.565439 0.416091
v 0.753556 0.566838 0.417306
v 0.237253 0.555238 0.570228
v 0.771979 0.528756 0.427514
v 0.772866 0.534306 0.419928
v 0.797981 0.528598 0.437881
v 0.200369 0.502912 0.602489
v 0.199739 0.508025 0.600297
v 0.199644 0.506719 0.604714
v 0.775426 0.526331 0.42648
v 0.211298 0.536937 0.58223
v 0.249051 0.519997 0.60838
v 0.765968 0.540576 0.459631
v 0.791984 0.509756 0.434388
v 0.791959 0.513286 0.430154
v 0.787752 0.513841 0.431566
v 0.23442 0.523156 0.61992
v 0.236092 0.520107 0.623104
v 0.215888 0.520733 0.623273
v 0.216758 0.526752 0.620678
v 0.220178 0.524722 0.622765
v 0.761129 0.525535 0.461693
v 0.763228 0.524308 0.460664
v 0.764309 0.527886 0.460204
v 0.233946 0.565766 0.581262
v 0.252359 0.54346 0.607857
v 0.255698 0.548869 0.602893
v 0.746615 0.521116 0.451872
v 0.21717 0.50203 0.607137
v 0.746506 0.561598 0.45149
v 0.785442 0.549998 0.428625
v 0.237734 0.518255 0.60791
v 0.235765 0.518328 0.61083
v 0.2383 0.516998 0.610599
v 0.241148 0.569728 0.591504
v 0.24507 0.572756 0.590699
v 0.232678 0.5334 0.620105
v 0.22202 0.535931 0.617604
v 0.22709 0.534171 0.619781
v 0.222589 0.531456 0.620367
v 0.766411 0.567463 0.441235
v 0.769131 0.564342 0.443331
v 0.770872 0.564426 0.440407
v 0.778386 0.558547 0.430158
v 0.773909 0.562739 0.429854
v 0.775804 0.559456 0.425673
v 0.200219 0.510581 0.60771
v 0.202234 0.515448 0.611139
v 0.235715 0.516027 0.619248
v 0.236144 0.517652 0.614549
v 0.798149 0.524957 0.43058
v 0.795839 0.525006 0.426496
v 0.795762 0.529442 0.427521
v 0.201997 0.506275 0.595249
v 0.74933 0.533375 0.44047
v 0.748397 0.530925 0.442835
v 0.746056 0.534687 0.441652
v 0.782566 0.540288 0.453935
v 0.251192 0.538112 0.611796
v 0.757664 0.551418 0.415379
v 0.783247 0.551454 0.441641
v 0.793432 0.509624 0.455396
v 0.792847 0.514426 0.456252
v 0.212248 0.516461 0.623143
v 0.243201 0.537191 0.617115
v 0.258654 0.559314 0.59537
v 0.260504 0.558475 0.5929
v 0.765641 0.52401 0.454648
v 0.201546 0.501051 0.60117
v 0.200391 0.502387 0.605513
v 0.764942 0.518776 0.45898
v 0.797398 0.513542 0.43141
v 0.794884 0.510352 0.432976
v 0.793811 0.515143 0.428571
v 0.76661 0.53679 0.424234
v 0.242167 0.507807 0.617969
v 0.79533 0.533943 0.439956
v 0.238494 0.569368 0.588991
v 0.234747 0.567177 0.589457
v 0.259286 0.552916 0.59672
v 0.754527 0.520468 0.460446
v 0.759516 0.508265 0.459319
v 0.798715 0.526187 0.434189
v 0.232367 0.517374 0.610526
v 0.777691 0.510407 0.452294
v 0.764131 0.57043 0.430629
v 0.757326 0.573333 0.426888
v 0.800127 0.515384 0.442572
v 0.783078 0.507083 0.447923
v 0.786977 0.523608 0.422889
v 0.208882 0.530758 0.582545
v 0.25835 0.548144 0.599041
v 0.200552 0.504803 0.609783
v 0.799848 0.51127 0.441446
v 0.799349 0.509892 0.438129
v 0.256677 0.539579 0.597173
v 0.240782 0.574975 0.580195
v 0.256167 0.540479 0.601547
v 0.225309 0.527666 0.57512
v 0.227233 0.526395 0.579158
v 0.223497 0.521739 0.581482
v 0.76061 0.538909 0.459876
v 0.202013 0.498606 0.606624
v 0.205211 0.496424 0.608992
v 0.204203 0.497743 0.603954
v 0.233816 0.535487 0.573744
v 0.232448 0.531579 0.576492
v 0.239043 0.536865 0.576485
v 0.797234 0.529462 0.431358
v 0.234044 0.518494 0.610463
v 0.254837 0.536511 0.599384
v 0.231788 0.527153 0.586827
v 0.240494 0.517183 0.60885
v 0.75029 0.545558 0.424085
v 0.228943 0.531365 0.573843
v 0.746666 0.551548 0.453885
v 0.747051 0.556942 0.453074
v 0.23024 0.520467 0.619017
v 0.206132 0.49851 0.601166
v 0.206243 0.502252 0.595744
v 0.203078 0.500846 0.599134
v 0.229314 0.561728 0.596374
v 0.233069 0.562531 0.598956
v 0.762132 0.531271 0.436289
v 0.239244 0.56707 0.595503
v 0.236824 0.564303 0.598696
v 0.233895 0.565517 0.594059
v 0.235386 0.517059 0.622258
v 0.745562 0.545833 0.453706
v 0.750472 0.543682 0.456742
v 0.247691 0.510853 0.618601
v 0.250695 0.517526 0.612803
v 0.206044 0.511242 0.619463
v 0.225567 0.518286 0.590021
v 0.226857 0.511033 0.608095
v 0.796151 0.505563 0.447982
v 0.797191 0.508279 0.449172
v 0.794426 0.505268 0.45173
v 0.200768 0.505859 0.597709
v 0.222497 0.555375 0.582825
v 0.769218 0.520183 0.449279
v 0.258596 0.544219 0.596801
v 0.224331 0.558845 0.586652
v 0.226798 0.560235 0.583187
v 0.24009 0.558811 0.569193
v 0.214369 0.533949 0.613946
v 0.210934 0.532207 0.611593
v 0.220765 0.55524 0.587982
v 0.777089 0.552595 0.418828
v 0.241861 0.552727 0.609376
v 0.226448 0.539666 0.616699
v 0.757185 0.571964 0.442709
v 0.79186 0.503443 0.451248
v 0.24498 0.525886 0.601389
v 0.798819 0.509211 0.445556
v 0.759232 0.533625 0.436052
v 0.758148 0.530696 0.438963
v 0.763856 0.521482 0.460521
v 0.205627 0.518751 0.615206
v 0.779212 0.521675 0.428871
v 0.758327 0.532749 0.460732
v 0.757488 0.527943 0.4614
v 0.249171 0.566088 0.597299
v 0.211432 0.541414 0.586647
v 0.243238 0.572003 0.568195
v 0.798601 0.513465 0.447732
v 0.796735 0.516284 0.451061
v 0.796212 0.512389 0.452505
v 0.769444 0.534989 0.423065
v 0.741585 0.540279 0.448037
v 0.775058 0.550575 0.416171
v 0.769412 0.521112 0.453415
v 0.766739 0.562464 0.419723
v 0.243963 0.552328 0.569337
v 0.246681 0.552215 0.569766
v 0.210964 0.496532 0.620236
v 0.244035 0.547284 0.571351
v 0.789164 0.516999 0.427203
v 0.767493 0.558194 0.41668
v 0.239758 0.531804 0.62038
v 0.248021 0.545447 0.610717
v 0.247985 0.550001 0.608657
v 0.245451 0.520478 0.622543
v 0.245224 0.525445 0.621781
v 0.749965 0.522575 0.446718
v 0.753356 0.518511 0.448162
v 0.260654 0.548905 0.590838
v 0.236367 0.521079 0.602082
v 0.239371 0.524816 0.599664
v 0.753968 0.52545 0.460845
v 0.759615 0.520722 0.462101
v 0.783402 0.525479 0.422101
v 0.78022 0.523793 0.425307
v 0.251523 0.520678 0.61807
v 0.74745 0.546704 0.454834
v 0.751481 0.548987 0.456136
v 0.758812 0.568133 0.446745
v 0.762436 0.568533 0.443896
v 0.764262 0.522542 0.45197
v 0.229008 0.515007 0.602939
v 0.791976 0.536407 0.424634
v 0.792903 0.531015 0.423894
v 0.789672 0.532108 0.452631
v 0.790497 0.52548 0.455453
v 0.256181 0.565611 0.595237
v 0.203489 0.525446 0.591346
v 0.21998 0.511181 0.625946
v 0.782471 0.547096 0.419819
v 0.257592 0.544149 0.599925
v 0.779589 0.536897 0.457727
v 0.779088 0.542123 0.455282
v 0.204848 0.499926 0.617549
v 0.25309 0.533686 0.600829
v 0.246917 0.545987 0.573591
v 0.785206 0.507629 0.443801
v 0.236489 0.537198 0.618354
v 0.204113 0.513685 0.615708
v 0.232945 0.549699 0.611488
v 0.794776 0.507634 0.453324
v 0.76184 0.527042 0.440325
v 0.208161 0.498026 0.620495
v 0.78069 0.556473 0.43343
v 0.225208 0.513098 0.598865
v 0.749043 0.518956 0.450512
v 0.75342 0.511731 0.454476
v 0.797378 0.519798 0.42885
v 0.217562 0.536533 0.614583
v 0.76996 0.525539 0.458437
v 0.766911 0.526371 0.457963
v 0.769264 0.523659 0.456388
v 0.229337 0.52264 0.620641
v 0.248279 0.516543 0.620843
v 0.764677 0.510497 0.457709
v 0.767029 0.568715 0.433574
v 0.769404 0.566624 0.437394
v 0.771174 0.56552 0.433887
v 0.205011 0.530001 0.601152
v 0.204103 0.50813 0.617571
v 0.770176 0.548213 0.456262
v 0.794509 0.518547 0.4537
v 0.793188 0.523223 0.453585
v 0.791757 0.519875 0.456295
v 0.218002 0.531999 0.618159
v 0.761178 0.520915 0.447738
v 0.764819 0.525386 0.458065
v 0.798839 0.519044 0.431096
v 0.760094 0.547606 0.416011
v 0.209226 0.535616 0.604697
v 0.20752 0.496591 0.606907
v 0.248559 0.550249 0.571655
v 0.75819 0.524038 0.443588
v 0.24925 0.570825 0.593818
v 0.761473 0.518335 0.450081
v 0.260304 0.549945 0.594461
v 0.786318 0.528201 0.457653
v 0.787909 0.52176 0.458739
v 0.77772 0.517614 0.4601
v 0.2282 0.55945 0.579508
v 0.245983 0.564241 0.565862
v 0.742954 0.535825 0.450104
v 0.225005 0.507546 0.619834
v 0.741063 0.553881 0.422819
v 0.74563 0.555652 0.418829
v 0.75483 0.569296 0.447055
v 0.788103 0.547039 0.431175
v 0.223874 0.505541 0.618622
v 0.752718 0.53374 0.438637
v 0.784185 0.505387 0.451227
v 0.243473 0.517434 0.608503
v 0.745422 0.531633 0.445021
v 0.745919 0.523982 0.44961
v 0.747567 0.523684 0.44771
v 0.798525 0.518999 0.446514
v 0.781773 0.531488 0.45891
v 0.240238 0.541318 0.573235
v 0.747291 0.563172 0.41604
v 0.751984 0.559941 0.415506
v 0.221618 0.502881 0.616753
v 0.213011 0.500563 0.603216
v 0.785783 0.52796 0.420555
v 0.214609 0.546618 0.586457
v 0.799035 0.513527 0.433376
v 0.208949 0.537012 0.587406
v 0.213217 0.528725 0.616968
v 0.751741 0.516554 0.450502
v 0.764163 0.518074 0.461421
v 0.201716 0.509428 0.612683
v 0.784694 0.534774 0.455616
v 0.788572 0.540442 0.422385
v 0.788561 0.536432 0.420481
v 0.755964 0.513833 0.450593
v 0.209145 0.498687 0.602447
v 0.208434 0.501104 0.597551
v 0.790208 0.531108 0.421417
v 0.79096 0.542939 0.432917
v 0.210478 0.504398 0.593647
v 0.755851 0.520976 0.446014
v 0.743702 0.554452 0.452071
v 0.748112 0.557855 0.416835
v 0.249388 0.521208 0.620218
v 0.244966 0.530851 0.619698
v 0.796692 0.506753 0.44006
v 0.750839 0.524278 0.459483
v 0.230929 0.537965 0.618153
v 0.761673 0.528994 0.461102
v 0.238069 0.528514 0.593081
v 0.750361 0.521062 0.458518
v 0.202574 0.504376 0.615108
v 0.212747 0.522637 0.620533
v 0.211371 0.506652 0.59148
v 0.25037 0.552807 0.606021
v 0.244416 0.5684 0.595051
v 0.201436 0.500629 0.609577
v 0.231391 0.519049 0.599303
v 0.236366 0.516996 0.624758
v 0.79711 0.509306 0.435423
v 0.243736 0.547357 0.611782
v 0.752175 0.516615 0.457997
v 0.23558 0.539361 0.572097
v 0.244436 0.530109 0.594232
v 0.755524 0.554989 0.415084
v 0.789937 0.542618 0.427017
v 0.792814 0.538868 0.429555
f 145 147 146
f 10 410 2147
f 1866 532 531
f 6225 6226 6224
f 6193 167 3127
f 7965 7967 7966
f 8399 8400 8398
f 3358 88 89
f 5295 3074 3075
f 5754 5660 2608
f 3128 578 579
f 4474 4562 3287
f 10175 10177 10176
f 9287 9286 8069
f 10469 10471 10470
f 167 6026 3127
f 1641 4143 7966
f 5619 4848 4847
f 6840 4859 10573
f 4320 837 575
f 1578 11236 8500
f 9516 8663 8664
f 4501 71 11388
f 6839 6840 10573
f 70 1440 1770
f 10153 10152 10179
f 1445 2743 1418
f 1977 1978 3287
f 8400 7969 8398
f 3175 1057 6855
f 4285 4286 2720
f 2097 2096 4877
f 4474 4475 4562
f 784 783 2866
f 1977 3287 4562
f 2738 2296 2297
f 2720 10559 4285
f 10559 11570 10398
f 119 118 6372
f 2331 2278 2279
f 4779 1780 1781
f 2147 6140 10
f 193 194 8691
f 167 166 6026
f 6840 4860 4859
f 6658 4199 7312
f 7289 7288 11480
f 10469 10177 10471
f 6319 8816 4198
f 11677 2144 2145
f 410 10 409
f 10152 8399 5902
f 4218 12007 12182
f 10175 9500 10177
f 8400 10675 7969
f 218 217 4026
f 4325 4324 9074
f 3075 9381 5295
f 178 2296 2737
f 6657 6658 7312
f 409 10 11
f 3358 1057 3175
f 3033 178 12007
f 6888 698 6889
f 5131 1801 1802
f 1866 6372 532
f 2956 5923 5924
f 1866 2607 2608
f 3033 2296 178
f 8135 1993 8136
f 1418 1417 1445
f 4026 4027 218
f 1280 10175 10176
f 7965 7966 4143
f 2956 2955 5923
f 1978 3288 3287
f 2263 2926 1430
f 148 2864 7968
f 9500 10471 10177
f 4027 8137 218
f 4502 4501 11388
f 2738 2737 2296
f 1445 1446 2743
f 6490 3358 89
f 2945 2264 2263
