6
7
8
9
10
11
69
70
71
87
88
89
118
119
144
145
146
147
148
149
165
166
167
177
178
179
192
193
194
216
217
218
291
408
409
410
428
429
430
496
497
530
531
532
574
575
576
577
578
579
604
605
606
663
664
665
697
698
699
758
782
783
784
836
837
841
842
843
900
901
902
923
1056
1057
1058
1130
1279
1280
1281
1416
1417
1418
1428
1429
1430
1439
1440
1444
1445
1446
1503
1504
1505
1511
1512
1576
1577
1578
1640
1641
1642
1730
1731
1768
1769
1770
1771
1772
1779
1780
1781
1800
1801
1802
1805
1838
1842
1843
1844
1861
1862
1863
1865
1866
1976
1977
1978
1984
1992
1993
1994
2006
2007
2086
2087
2088
2095
2096
2097
2143
2144
2145
2146
2147
2148
2149
2262
2263
2264
2277
2278
2279
2295
2296
2297
2321
2322
2323
2330
2331
2426
2427
2428
2533
2534
2535
2606
2607
2608
2718
2719
2720
2730
2736
2737
2738
2742
2743
2744
2863
2864
2865
2866
2867
2889
2890
2891
2925
2926
2927
2944
2945
2946
2951
2952
2953
2954
2955
2956
3014
3015
3032
3033
3034
3073
3074
3075
3126
3127
3128
3157
3158
3159
3174
3175
3221
3246
3247
3248
3286
3287
3288
3357
3358
3369
3371
3486
3487
3510
3511
3512
3547
3548
3549
3619
3620
3621
3726
3818
3924
3925
3926
3982
3983
3984
3988
3989
4005
4020
4025
4026
4027
4054
4055
4056
4076
4141
4142
4143
4160
4197
4198
4199
4217
4218
4219
4257
4264
4284
4285
4286
4319
4320
4323
4324
4325
4363
4372
4373
4374
4473
4474
4475
4500
4501
4502
4513
4514
4515
4548
4549
4561
4562
4606
4607
4608
4630
4631
4665
4681
4682
4683
4712
4713
4715
4716
4717
4738
4739
4778
4779
4808
4809
4810
4814
4815
4846
4847
4848
4858
4859
4860
4876
4877
4946
4947
4959
4960
5024
5025
5043
5044
5045
5064
5065
5130
5131
5140
5155
5218
5219
5220
5263
5264
5265
5293
5294
5295
5523
5524
5527
5528
5529
5530
5618
5619
5659
5660
5753
5754
5778
5779
5831
5858
5859
5898
5901
5902
5906
5907
5913
5922
5923
5924
5968
5970
5971
5973
5974
5975
6016
6017
6025
6026
6104
6120
6139
6140
6175
6176
6186
6187
6192
6193
6195
6196
6197
6201
6202
6223
6224
6225
6226
6227
6256
6318
6319
6320
6356
6359
6365
6366
6367
6371
6372
6377
6378
6379
6389
6390
6441
6450
6458
6459
6478
6489
6490
6491
6542
6543
6581
6582
6583
6590
6602
6603
6648
6656
6657
6658
6693
6838
6839
6840
6854
6855
6856
6887
6888
6889
6953
6960
6961
6962
6990
7044
7048
7049
7050
7075
7076
7077
7139
7177
7178
7187
7188
7243
7249
7250
7287
7288
7289
7311
7312
7321
7336
7354
7355
7372
7374
7375
7376
7381
7400
7421
7487
7493
7504
7607
7625
7626
7646
7647
7655
7656
7785
7801
7802
7850
7891
7892
7893
7894
7910
7959
7960
7963
7964
7965
7966
7967
7968
7969
8029
8068
8069
8070
8134
8135
8136
8137
8274
8285
8291
8292
8293
8299
8309
8361
8376
8397
8398
8399
8400
8401
8407
8411
8412
8413
8416
8417
8425
8426
8437
8438
8439
8460
8499
8500
8505
8507
8508
8509
8513
8561
8602
8626
8662
8663
8664
8690
8691
8701
8702
8703
8797
8798
8799
8810
8815
8816
8851
8856
8858
8864
8887
8888
8889
8965
8966
8971
8989
8990
8991
9017
9018
9019
9073
9074
9155
9170
9171
9214
9215
9237
9238
9239
9244
9285
9286
9287
9323
9352
9356
9369
9380
9381
9392
9429
9439
9440
9446
9499
9500
9513
9514
9515
9516
9539
9579
9591
9597
9598
9619
9699
9700
9763
9835
9842
9888
9889
9948
9973
10030
10040
10096
10104
10131
10132
10135
10137
10146
10151
10152
10153
10156
10174
10175
10176
10177
10178
10179
10181
10189
10304
10312
10339
10366
10370
10397
10398
10399
10468
10469
10470
10471
10472
10473
10488
10489
10490
10531
10558
10559
10572
10573
10656
10674
10675
10686
10687
10688
10700
10732
10765
10775
10800
10801
10812
10830
10831
10849
10875
10886
11012
11018
11028
11040
11075
11087
11088
11099
11131
11145
11156
11157
11158
11178
11187
11193
11194
11195
11235
11236
11249
11311
11312
11319
11320
11337
11346
11387
11388
11393
11404
11405
11407
11408
11426
11427
11444
11479
11480
11493
11494
11552
11553
11566
11569
11570
11600
11601
11628
11655
11669
11670
11676
11677
11707
11715
11740
11749
11750
11753
11754
11768
11808
11813
11830
11841
11866
11872
11882
11889
11893
11904
11905
11907
11908
11917
11934
11951
11952
11953
11956
11959
11978
11991
11992
11993
12006
12007
12028
12038
12039
12040
12052
12065
12105
12109
12158
12181
12182
12189
12197
12203
12229
12234
12240
12241
12246
12292
12300
12303
12342
12359
12360
12379
12415
12434
12469
12472
12492
12498
12499
12500
12502
12505
12508
12517
12518
12542
12557
12565
12583
12612
12691
12708
12734
12761
12793
12796
12829
12830
12850
12853
12854
12858
12870
12898
12924
12936
12937
12952
12964
12966
12995
13021
13031
13033
13043
13057
13060
13090
13094
13105
13111
13163
13218
13220
13243
13263
13269
13271
13275
13282
13305
