6
7
8
69
70
71
165
166
167
216
217
218
577
578
579
758
782
783
784
841
842
843
923
1130
1428
1429
1430
1439
1440
1576
1577
1578
1768
1769
1770
1771
1772
1805
1842
1843
1844
1984
1992
1993
1994
2006
2007
2086
2087
2088
2095
2096
2097
2143
2144
2145
2262
2263
2264
2277
2278
2279
2330
2331
2533
2534
2535
2718
2719
2720
2744
2865
2866
2867
2889
2890
2891
2925
2926
2927
2944
2945
2946
2954
2955
2956
3073
3074
3075
3126
3127
3128
3246
3247
3248
3486
3487
3818
3982
3983
3984
3988
3989
4025
4026
4027
4076
4160
4264
4284
4285
4286
4323
4324
4325
4500
4501
4502
4513
4514
4515
4548
4549
4665
4681
4682
4683
4712
4713
4715
4716
4717
4846
4847
4848
4876
4877
4959
4960
5064
5065
5155
5293
5294
5295
5527
5528
5618
5619
5858
5859
5906
5907
5913
5922
5923
5924
5973
5974
5975
6016
6017
6025
6026
6175
6176
6192
6193
6195
6196
6197
6201
6202
6223
6224
6225
6226
6227
6256
6356
6377
6378
6379
6389
6390
6450
6458
6459
6491
6581
6582
6583
6590
6693
6990
7048
7049
7050
7075
7076
7077
7177
7178
7187
7188
7336
7354
7355
7381
7400
7625
7626
7646
7647
7655
7656
7891
7892
7893
7910
8068
8069
8070
8134
8135
8136
8137
8285
8299
8309
8361
8413
8416
8417
8425
8426
8437
8438
8439
8499
8500
8505
8513
8626
8662
8663
8664
8797
8798
8799
8851
8858
8864
9017
9018
9019
9073
9074
9155
9237
9238
9239
9285
9286
9287
9323
9356
9369
9380
9381
9446
9513
9514
9515
9516
9539
9591
9699
9700
9763
9842
9888
9889
9948
9973
10030
10131
10132
10156
10181
10366
10397
10398
10473
10558
10559
10686
10687
10688
10765
10875
11018
11028
11075
11087
11088
11099
11145
11156
11157
11193
11194
11195
11235
11236
11249
11311
11312
11387
11388
11426
11427
11493
11494
11552
11553
11569
11570
11600
11601
11628
11669
11670
11676
11677
11749
11753
11754
11830
11882
11889
11904
11907
11908
11917
11951
11952
11953
11978
11991
11992
11993
12028
12038
12039
12040
12065
12105
12109
12158
12197
12229
12240
12241
12246
12303
12359
12360
12379
12415
12469
12472
12498
12499
12500
12502
12505
12517
12518
12565
12612
12734
12761
12796
12829
12830
12850
12858
12870
12924
12936
12937
12966
12995
13031
13043
13220
13263
13275
13282
13305
